141
133
108
173
39
136
232
167
23
126
112
25
203
159
117
81
56
125
88
242
189
185
60
3
85
152
179
128
255
96
45
114
119
75
107
148
177
37
181
9
206
67
190
79
147
31
200
24
237
238
98
157
221
103
89
213
172
28
12
225
220
204
116
209
49
57
27
95
22
80
250
212
230
202
101
42
34
71
244
176
43
251
149
4
122
164
240
231
224
175
182
41
218
66
154
239
161
155
0
196
135
229
36
139
29
215
97
106
64
7
15
74
40
48
160
53
223
210
62
207
165
201
227
18
110
5
191
144
247
10
14
151
241
92
253
63
188
198
184
127
6
183
205
211
94
121
145
174
17
1
91
11
50
52
46
32
100
130
178
194
54
90
158
21
19
13
168
214
150
222
171
68
195
120
84
131
197
82
140
86
59
180
219
20
118
109
111
102
104
236
26
78
124
76
70
73
115
55
193
51
228
129
226
249
137
208
234
243
153
16
235
2
33
233
156
143
170
30
58
254
192
65
252
77
93
44
105
132
199
246
123
216
99
248
83
186
113
169
138
35
146
134
166
187
163
217
162
69
8
72
47
87
245
38
61
142
